[0.35502661913713285]	2	2
[0.037117330818327667]	2	1
[-1.55486237271397]	1	1
[0.8579252369812842]	2	2
[0.25640414285920204]	2	2
[-1.5245946378271709]	1	1
[0.601484124956752]	2	2
[-1.9083220627098778]	1	1
[0.44644446379574443]	2	2
[0.620280486759871]	2	2
[0.04946774518799516]	2	2
[0.2916066741398785]	1	1
[1.2147456405011576]	2	2
[0.46573623761491956]	2	2
[-3.7838924836161425]	1	1
[0.12935525480688706]	2	2
[-3.9193173558793735]	1	1
[0.09701902393732269]	1	1
[0.752326007185376]	2	2
[1.0772829901778287]	2	2
[0.7405809639952627]	2	2
[0.6632288000079374]	2	2
[0.5075435216285159]	2	1
[-3.949585090766173]	1	1
[0.6197589158825796]	2	2
[-3.898586691252644]	1	1
[-11.750403510738765]	1	1
[0.6277103366586974]	2	2
[0.04828571118049525]	2	2
[-7.8076608875481375]	1	1
[0.6722603656106164]	2	2
[0.79525307851123]	2	2
[0.8125753942299148]	2	2
[0.5199357034912574]	2	2
[0.3904928956677888]	2	2
[0.42759549545592695]	2	2
[1.2933366295338313]	2	2
[-1.8002566469824228]	1	1
[0.040296673996503045]	2	2
[0.6443750591603716]	2	2
[-3.738037901038947]	1	1
[0.7183580877842342]	2	2
[0.39939188023623884]	2	2
[0.9062039682975883]	2	2
[1.0470152552910295]	2	2
[0.2706821424164]	2	2
[-1.999638713108462]	1	1
[-0.032498034889178705]	2	2
[1.06978336326536]	2	2
[0.27549711590717746]	2	2
[-0.043549080617372254]	1	1
[0.6632288000079374]	2	2
[0.9096686410240242]	2	2
[0.9364717031843877]	2	2
[0.8826421448882843]	1	2
[0.04098715253078019]	2	2
[0.04953952920854486]	2	2
[0.26407426936609296]	2	2
[-1.8092547989450416]	1	1
[-19.610672894014943]	1	1
[-0.013281345730572935]	1	1
[0.6192767535931208]	2	2
[-0.03478607054981055]	2	2
[0.19112882942502402]	2	2
[0.46383330334154066]	2	2
[0.03201560706020802]	1	1
[0.2131641887871633]	2	1
[0.7065547079176884]	2	2
[0.7205750121234901]	2	2
[0.0627506441349909]	2	1
[1.1844779056143582]	2	2
[0.09209408291590022]	1	1
[0.67770762754253]	2	2
[0.5502034383780567]	2	2
[0.2930841473250815]	2	2
[0.2788721301493666]	2	2
[0.674642794047171]	2	2
[-1.8671617932063216]	1	1
[0.5329592221462859]	2	2
[0.030725656395227126]	2	2
[-7.831659482897171]	1	1
[-3.52618104089851]	1	1
[0.36903645181737815]	2	2
[-0.24636129109960794]	1	1
[0.14351258390058697]	1	2
[-3.9478886444033643]	1	1
[0.7237609186223128]	2	2
[0.12067335127265102]	2	2
[-1.8553778421946892]	1	1
[0.7165745277217705]	2	2
[0.6642048678512689]	2	2
[0.39930418670417744]	2	2
[0.7309362606987817]	2	2
[0.9299899084360527]	2	2
[-1.939172067574454]	1	1
[0.5075435216285159]	2	1
[0.6268451419098622]	2	2
[0.06970448427780256]	2	2
[-3.928854426139443]	1	1
[0.27780415985917645]	2	2
[0.06138219900638113]	2	2
[0.6468510937816349]	2	2
[0.5674674524671922]	2	2
[-3.549885409025117]	1	1
[-3.9730669226996818]	1	1
[0.43546850272812027]	2	2
[1.045418070128044]	2	2
[0.22808290423194866]	2	2
[-1.4783249386738802]	1	1
[0.6633458945655188]	2	2
[-0.07028606379233805]	1	1
[0.6642048678512689]	2	2
[0.6852922540016821]	2	2
[-0.30689201288112367]	1	1
[0.8266206779038835]	2	2
[0.6307171900861288]	2	2
[1.172423831525683]	2	2
[0.09729642526415659]	2	2
[0.029958521856063923]	2	2
[0.9220444089355824]	2	2
[0.07844473072995686]	1	1
[0.1935510259514118]	2	2
[0.9017172202479065]	2	2
[0.5712163900699526]	2	2
[1.0042117709461449]	2	2
[0.4989708317147834]	2	2
[1.3129758836173218]	2	2
[-4.038299574803416]	1	1
[0.6789938720037303]	2	2
[0.9416364540852631]	2	2
[0.3179026225851373]	2	2
[0.4972053694880768]	2	1
[0.8475870848408451]	2	2
[0.4531292517129223]	2	2
[0.4644757358767549]	2	2
[0.09209408291590022]	1	1
[0.42759549545592695]	2	2
[-3.738037901038947]	1	1
[0.8578820636424264]	2	2
[0.4161767289089451]	2	2
[0.05825716553265216]	2	2
[0.4700029122882419]	2	2
[0.12809711643076502]	1	1
[-3.8446717301766764]	1	1
